-2.9403 2.19156 -46.0519
-2.95339 2.16628 -46.0954
-2.96601 2.14137 -46.1364
-2.97818 2.11684 -46.1747
-2.9899 2.09269 -46.2106
-3.00117 2.0689 -46.244
-3.012 2.04549 -46.275
-3.02239 2.02244 -46.3035
-3.03235 1.99977 -46.3297
-3.04189 1.97746 -46.3536
-3.051 1.95552 -46.3752
-3.05971 1.93395 -46.3946
-3.068 1.91274 -46.4117
-3.0759 1.8919 -46.4267
-3.08339 1.87142 -46.4396
-3.0905 1.8513 -46.4503
-3.09721 1.83155 -46.459
-3.10355 1.81216 -46.4657
-3.10951 1.79313 -46.4703
-3.11511 1.77446 -46.4731
-3.12034 1.75614 -46.4739
-3.12521 1.73819 -46.4729
-3.12972 1.72059 -46.47
-3.13389 1.70335 -46.4654
-3.13772 1.68647 -46.4589
-3.14122 1.66993 -46.4508
-3.14438 1.65376 -46.441
-3.14721 1.63793 -46.4295
-3.14973 1.62246 -46.4165
-3.15193 1.60734 -46.4018
-3.15383 1.59257 -46.3856
-3.15542 1.57814 -46.368
-3.15671 1.56407 -46.3489
-3.15772 1.55035 -46.3283
-3.15843 1.53697 -46.3064
-3.15887 1.52393 -46.2832
-3.15903 1.51124 -46.2586
-3.15892 1.4989 -46.2328
-3.15854 1.4869 -46.2057
-3.15791 1.47524 -46.1775
-3.15703 1.46393 -46.1481
-3.15589 1.45295 -46.1175
-3.15452 1.44231 -46.0859
-3.15291 1.43202 -46.0533
-3.15106 1.42206 -46.0196
-3.14899 1.41244 -45.985
-3.14671 1.40315 -45.9495
-3.1442 1.3942 -45.9131
-3.14149 1.38559 -45.8758
-3.13858 1.37731 -45.8377
-3.13547 1.36936 -45.7988
-3.13216 1.36174 -45.7592
-3.12867 1.35446 -45.7189
-3.125 1.3475 -45.6779
-3.12115 1.34088 -45.6363
-3.11714 1.33458 -45.5941
-3.11295 1.32861 -45.5513
-3.10861 1.32297 -45.508
-3.10412 1.31766 -45.4643
-3.09948 1.31267 -45.4201
-3.09469 1.308 -45.3755
-3.08977 1.30366 -45.3306
-3.08472 1.29964 -45.2853
-3.07954 1.29594 -45.2397
-3.07424 1.29256 -45.1939
-3.06883 1.28951 -45.1479
-3.06331 1.28677 -45.1017
-3.05768 1.28435 -45.0553
-3.05196 1.28225 -45.0089
-3.04615 1.28046 -44.9624
-3.04024 1.27899 -44.9159
-3.03426 1.27784 -44.8694
-3.0282 1.277 -44.8229
-3.02207 1.27647 -44.7765
-3.01588 1.27625 -44.7303
-3.00962 1.27635 -44.6842
-3.00332 1.27676 -44.6383
-2.99696 1.27747 -44.5927
-2.99056 1.2785 -44.5473
-2.98413 1.27983 -44.5022
-2.97766 1.28147 -44.4575
-2.97117 1.28342 -44.4132
-2.96466 1.28567 -44.3693
-2.95813 1.28822 -44.3259
-2.95159 1.29108 -44.283
-2.94505 1.29424 -44.2406
-2.93851 1.29771 -44.1988
-2.93198 1.30147 -44.1576
-2.92546 1.30554 -44.1171
-2.91896 1.30991 -44.0772
-2.91249 1.31457 -44.0381
-2.90604 1.31953 -43.9998
-2.89963 1.32479 -43.9622
-2.89326 1.33034 -43.9255
-2.88693 1.33619 -43.8897
-2.88066 1.34233 -43.8548
-2.87444 1.34877 -43.8208
-2.86829 1.3555 -43.7878
-2.8622 1.36252 -43.7559
-2.85619 1.36983 -43.725
-2.85026 1.37743 -43.6953
-2.85026 1.37743 -43.6953
-2.84153 1.38321 -43.6671
-2.82719 1.38512 -43.6408
-2.80737 1.38324 -43.6165
-2.78219 1.37766 -43.594
-2.75175 1.36846 -43.5733
-2.71617 1.35571 -43.5544
-2.67558 1.33951 -43.5372
-2.63008 1.31994 -43.5218
-2.5798 1.29708 -43.5079
-2.52485 1.271 -43.4957
-2.46535 1.24181 -43.485
-2.40142 1.20957 -43.4759
-2.33317 1.17438 -43.4682
-2.26071 1.1363 -43.4619
-2.18417 1.09544 -43.457
-2.10367 1.05186 -43.4535
-2.01931 1.00566 -43.4512
-1.93122 0.956918 -43.4502
-1.83952 0.905711 -43.4505
-1.74431 0.852127 -43.4518
-1.64572 0.796247 -43.4543
-1.54386 0.738156 -43.4579
-1.43885 0.677935 -43.4625
-1.33081 0.615668 -43.4681
-1.21985 0.551437 -43.4747
-1.10609 0.485326 -43.4821
-0.989651 0.417418 -43.4904
-0.870645 0.347795 -43.4996
-0.749188 0.27654 -43.5095
-0.625399 0.203737 -43.5201
-0.499394 0.129468 -43.5314
-0.37129 0.0538169 -43.5434
-0.241203 -0.0231347 -43.5559
-0.109252 -0.101303 -43.569
0.0244489 -0.180605 -43.5826
0.159782 -0.260958 -43.5967
0.296629 -0.342279 -43.6112
0.434876 -0.424485 -43.6261
0.574403 -0.507494 -43.6413
0.715096 -0.591221 -43.6568
0.856837 -0.675585 -43.6726
0.999509 -0.760502 -43.6886
1.143 -0.84589 -43.7047
1.28718 -0.931665 -43.721
1.43195 -1.01774 -43.7373
1.57718 -1.10404 -43.7536
1.72275 -1.19048 -43.77
1.86856 -1.27698 -43.7863
2.01448 -1.36345 -43.8025
2.1604 -1.44981 -43.8185
2.3062 -1.53597 -43.8344
2.45176 -1.62186 -43.85
2.59697 -1.70739 -43.8653
2.74171 -1.79247 -43.8804
2.88586 -1.87704 -43.895
3.02931 -1.96099 -43.9093
3.17194 -2.04425 -43.9231
3.31363 -2.12674 -43.9364
3.45427 -2.20838 -43.9492
3.59374 -2.28907 -43.9614
3.73192 -2.36874 -43.973
3.86869 -2.44731 -43.984
4.00394 -2.52468 -43.9942
4.13756 -2.60079 -44.0036
4.26942 -2.67554 -44.0123
4.39941 -2.74885 -44.0201
4.52742 -2.82065 -44.027
4.65331 -2.89084 -44.033
4.77699 -2.95934 -44.0381
4.89833 -3.02608 -44.0421
5.01721 -3.09096 -44.045
5.13352 -3.15391 -44.0469
5.24714 -3.21484 -44.0476
5.35796 -3.27367 -44.0471
5.46585 -3.33031 -44.0454
5.5707 -3.38469 -44.0424
5.6724 -3.43672 -44.0381
5.77083 -3.48632 -44.0324
5.86586 -3.5334 -44.0253
5.95739 -3.57788 -44.0168
6.0453 -3.61968 -44.0067
6.12947 -3.65871 -43.9952
6.20978 -3.6949 -43.982
6.28611 -3.72816 -43.9672
6.35836 -3.75841 -43.9508
6.4264 -3.78556 -43.9326
6.49012 -3.80953 -43.9127
6.5494 -3.83023 -43.891
6.60411 -3.8476 -43.8674
6.65416 -3.86153 -43.8419
6.69941 -3.87196 -43.8146
6.73976 -3.87879 -43.7852
6.77508 -3.88194 -43.7538
6.80526 -3.88133 -43.7204
6.83019 -3.87688 -43.6848
6.84974 -3.86851 -43.6471
6.86379 -3.85613 -43.6072
6.87224 -3.83965 -43.5651
6.87497 -3.819 -43.5207
6.87185 -3.7941 -43.474
6.87185 -3.7941 -43.474
6.86604 -3.76633 -43.4258
6.86075 -3.73717 -43.3773
6.85599 -3.70666 -43.3284
6.85173 -3.67484 -43.2791
6.84797 -3.64174 -43.2294
6.8447 -3.60739 -43.1794
6.84191 -3.57184 -43.1291
6.83959 -3.53511 -43.0786
6.83774 -3.49725 -43.0277
6.83633 -3.45829 -42.9767
6.83536 -3.41826 -42.9254
6.83483 -3.37721 -42.874
6.83472 -3.33516 -42.8224
6.83502 -3.29216 -42.7707
6.83572 -3.24824 -42.7188
6.83682 -3.20343 -42.6669
6.8383 -3.15778 -42.6149
6.84016 -3.11131 -42.5628
6.84238 -3.06407 -42.5108
6.84495 -3.01608 -42.4587
6.84788 -2.9674 -42.4066
6.85114 -2.91804 -42.3547
6.85472 -2.86805 -42.3027
6.85863 -2.81747 -42.2509
6.86284 -2.76633 -42.1992
6.86735 -2.71466 -42.1477
6.87214 -2.6625 -42.0963
6.87722 -2.60989 -42.0451
6.88257 -2.55686 -41.9941
6.88817 -2.50346 -41.9434
6.89403 -2.44971 -41.8929
6.90013 -2.39564 -41.8428
6.90645 -2.34131 -41.7929
6.913 -2.28674 -41.7433
6.91977 -2.23197 -41.6941
6.92673 -2.17704 -41.6453
6.93389 -2.12197 -41.5969
6.94123 -2.06681 -41.5489
6.94875 -2.0116 -41.5014
6.95643 -1.95636 -41.4544
6.96426 -1.90114 -41.4078
6.97224 -1.84597 -41.3618
6.98036 -1.79089 -41.3163
6.9886 -1.73593 -41.2713
6.99696 -1.68113 -41.227
7.00542 -1.62653 -41.1833
7.01399 -1.57215 -41.1402
7.02264 -1.51804 -41.0978
7.03137 -1.46424 -41.056
7.04016 -1.41077 -41.015
7.04902 -1.35768 -40.9747
7.05793 -1.30499 -40.9351
7.06688 -1.25276 -40.8964
7.07586 -1.20101 -40.8584
7.08485 -1.14977 -40.8213
7.09387 -1.09909 -40.785
7.10288 -1.049 -40.7496
7.11188 -0.999538 -40.715
7.12087 -0.950737 -40.6814
7.12983 -0.902634 -40.6488
7.13876 -0.855265 -40.6171
7.14764 -0.808667 -40.5864
7.15646 -0.762875 -40.5567
7.16522 -0.717925 -40.5281
7.1739 -0.673853 -40.5005
7.1825 -0.630694 -40.474
7.19101 -0.588486 -40.4486
7.19942 -0.547264 -40.4243
7.20771 -0.507064 -40.4012
7.21588 -0.467922 -40.3792
7.22391 -0.429873 -40.3585
7.23181 -0.392955 -40.339
7.23955 -0.357202 -40.3207
7.24714 -0.322651 -40.3037
7.25455 -0.289337 -40.288
7.26179 -0.257298 -40.2737
7.26883 -0.226568 -40.2606
7.27568 -0.197183 -40.249
7.28232 -0.16918 -40.2387
7.28874 -0.142594 -40.2298
7.29493 -0.117462 -40.2224
7.30089 -0.0938199 -40.2164
7.3066 -0.0717027 -40.2119
7.31205 -0.0511469 -40.2089
7.31724 -0.0321884 -40.2075
7.32216 -0.0148632 -40.2076
7.32679 0.000792743 -40.2093
7.33112 0.0147435 -40.2125
7.33515 0.026953 -40.2174
7.33887 0.0373854 -40.224
7.34227 0.0460048 -40.2322
7.34533 0.0527751 -40.2421
7.34805 0.0576603 -40.2538
7.35042 0.0606245 -40.2671
7.35243 0.0616318 -40.2823
7.35406 0.0606462 -40.2992
7.35532 0.0576317 -40.3179
7.35619 0.0525524 -40.3385
7.35666 0.0453723 -40.3609
7.35672 0.0360554 -40.3853
7.35672 0.0360554 -40.3853
7.35648 0.0253563 -40.41
7.35609 0.0140635 -40.4336
7.35555 0.00219168 -40.4561
7.35488 -0.0102441 -40.4776
7.35408 -0.0232289 -40.498
7.35316 -0.0367479 -40.5174
7.35214 -0.0507861 -40.5359
7.35102 -0.0653288 -40.5534
7.34982 -0.0803609 -40.57
7.34855 -0.0958675 -40.5857
7.34722 -0.111834 -40.6005
7.34584 -0.128245 -40.6144
7.34442 -0.145086 -40.6275
7.34297 -0.162342 -40.6398
7.34151 -0.179998 -40.6514
7.34003 -0.198039 -40.6621
7.33857 -0.21645 -40.6722
7.33712 -0.235217 -40.6815
7.33569 -0.254324 -40.6902
7.3343 -0.273756 -40.6982
7.33297 -0.293499 -40.7055
7.33169 -0.313538 -40.7123
7.33048 -0.333858 -40.7185
7.32935 -0.354444 -40.7241
7.32831 -0.375281 -40.7292
7.32738 -0.396353 -40.7338
7.32656 -0.417647 -40.7378
7.32587 -0.439148 -40.7415
7.32531 -0.460839 -40.7447
7.3249 -0.482708 -40.7475
7.32464 -0.504738 -40.7499
7.32456 -0.526914 -40.7519
7.32465 -0.549222 -40.7536
7.32494 -0.571648 -40.755
7.32542 -0.594175 -40.7561
7.32612 -0.616789 -40.757
7.32704 -0.639476 -40.7576
7.3282 -0.662219 -40.758
7.3296 -0.685005 -40.7582
7.33125 -0.707819 -40.7583
7.33317 -0.730645 -40.7582
7.33537 -0.753469 -40.758
7.33786 -0.776276 -40.7577
7.34065 -0.79905 -40.7574
7.34375 -0.821777 -40.757
7.34717 -0.844443 -40.7566
7.35093 -0.867031 -40.7562
7.35502 -0.889528 -40.7559
7.35947 -0.911919 -40.7556
7.36429 -0.934187 -40.7554
7.36948 -0.956319 -40.7553
7.37506 -0.9783 -40.7553
7.38103 -1.00011 -40.7555
7.38742 -1.02175 -40.7559
7.39423 -1.04319 -40.7565
7.40146 -1.06441 -40.7573
7.40914 -1.08541 -40.7584
7.41727 -1.10617 -40.7598
7.42586 -1.12668 -40.7615
7.43493 -1.14691 -40.7635
7.44448 -1.16686 -40.7658
7.45453 -1.1865 -40.7686
7.46509 -1.20584 -40.7717
7.47616 -1.22484 -40.7753
7.48776 -1.2435 -40.7793
7.49991 -1.26179 -40.7839
7.5126 -1.27971 -40.7889
7.52586 -1.29725 -40.7944
7.53968 -1.31437 -40.8005
7.5541 -1.33108 -40.8072
7.5691 -1.34736 -40.8145
7.58471 -1.36318 -40.8224
7.60094 -1.37854 -40.831
7.6178 -1.39342 -40.8403
7.63529 -1.40781 -40.8502
7.65343 -1.42168 -40.8609
7.67223 -1.43504 -40.8724
7.69171 -1.44785 -40.8846
7.71186 -1.46011 -40.8976
7.73271 -1.4718 -40.9114
7.75426 -1.48291 -40.9261
7.77653 -1.49342 -40.9417
7.79952 -1.50332 -40.9582
7.82325 -1.51259 -40.9756
7.84772 -1.52121 -40.9939
7.87296 -1.52918 -41.0133
7.89896 -1.53647 -41.0336
7.92574 -1.54308 -41.0549
7.95332 -1.54898 -41.0773
7.98169 -1.55417 -41.1008
8.01088 -1.55862 -41.1254
8.0409 -1.56233 -41.1511
8.07174 -1.56527 -41.1779
8.10344 -1.56744 -41.2059
8.13599 -1.56881 -41.2352
8.1694 -1.56938 -41.2656
8.2037 -1.56912 -41.2973
8.23888 -1.56803 -41.3302
8.27497 -1.56609 -41.3645
8.31197 -1.56328 -41.4001
8.31197 -1.56328 -41.4001
8.3501 -1.56043 -41.4358
8.38957 -1.55838 -41.4705
8.43033 -1.5571 -41.5043
8.47234 -1.55658 -41.5371
8.51554 -1.55679 -41.5689
8.5599 -1.55772 -41.5999
8.60536 -1.55933 -41.6299
8.6519 -1.56162 -41.659
8.69945 -1.56456 -41.6874
8.74798 -1.56813 -41.7148
8.79744 -1.57231 -41.7415
8.84779 -1.57708 -41.7674
8.89899 -1.58242 -41.7925
8.95098 -1.58831 -41.8168
9.00372 -1.59472 -41.8405
9.05718 -1.60165 -41.8634
9.1113 -1.60906 -41.8857
9.16604 -1.61694 -41.9073
9.22135 -1.62527 -41.9282
9.27719 -1.63402 -41.9486
9.33353 -1.64318 -41.9683
9.3903 -1.65272 -41.9875
9.44747 -1.66263 -42.0061
9.50499 -1.67288 -42.0242
9.56283 -1.68346 -42.0417
9.62092 -1.69434 -42.0588
9.67924 -1.7055 -42.0755
9.73772 -1.71693 -42.0916
9.79634 -1.72859 -42.1074
9.85505 -1.74048 -42.1227
9.91379 -1.75257 -42.1377
9.97253 -1.76484 -42.1523
10.0312 -1.77727 -42.1666
10.0898 -1.78984 -42.1806
10.1483 -1.80253 -42.1942
10.2066 -1.81531 -42.2076
10.2646 -1.82818 -42.2208
10.3224 -1.8411 -42.2337
10.3799 -1.85406 -42.2464
10.437 -1.86704 -42.2589
10.4937 -1.88001 -42.2712
10.5499 -1.89296 -42.2834
10.6057 -1.90586 -42.2955
10.6609 -1.9187 -42.3075
10.7155 -1.93146 -42.3194
10.7695 -1.9441 -42.3312
10.8229 -1.95662 -42.3431
10.8755 -1.969 -42.3548
10.9274 -1.9812 -42.3666
10.9784 -1.99322 -42.3785
11.0286 -2.00503 -42.3903
11.0779 -2.01661 -42.4023
11.1263 -2.02794 -42.4143
11.1737 -2.039 -42.4265
11.22 -2.04977 -42.4388
11.2653 -2.06024 -42.4512
11.3095 -2.07036 -42.4638
11.3525 -2.08014 -42.4767
11.3943 -2.08955 -42.4897
11.4348 -2.09856 -42.503
11.474 -2.10716 -42.5166
11.5119 -2.11532 -42.5304
11.5485 -2.12304 -42.5445
11.5836 -2.13027 -42.559
11.6172 -2.13701 -42.5738
11.6493 -2.14324 -42.589
11.6798 -2.14893 -42.6046
11.7087 -2.15406 -42.6206
11.736 -2.15862 -42.6371
11.7616 -2.16258 -42.654
11.7854 -2.16592 -42.6714
11.8075 -2.16863 -42.6892
11.8277 -2.17067 -42.7076
11.846 -2.17204 -42.7266
11.8624 -2.1727 -42.7461
11.8769 -2.17265 -42.7662
11.8893 -2.17185 -42.7869
11.8997 -2.1703 -42.8082
11.908 -2.16796 -42.8302
11.9142 -2.16482 -42.8529
11.9181 -2.16085 -42.8763
11.9199 -2.15605 -42.9003
11.9193 -2.15038 -42.9251
11.9165 -2.14383 -42.9507
11.9112 -2.13637 -42.977
11.9036 -2.12799 -43.0042
11.8935 -2.11866 -43.0322
11.8809 -2.10836 -43.061
11.8658 -2.09708 -43.0907
11.848 -2.0848 -43.1212
11.8277 -2.07148 -43.1527
11.8046 -2.05712 -43.1851
11.7789 -2.04169 -43.2185
11.7503 -2.02517 -43.2528
11.719 -2.00754 -43.2882
11.6848 -1.98878 -43.3245
11.6477 -1.96888 -43.3619
11.6077 -1.9478 -43.4004
11.5647 -1.92553 -43.4399
11.5186 -1.90205 -43.4805
11.5186 -1.90205 -43.4805
11.4704 -1.87912 -43.5217
11.4212 -1.85852 -43.5627
11.3708 -1.84018 -43.6036
11.3194 -1.82409 -43.6444
11.2669 -1.81019 -43.6851
11.2135 -1.79845 -43.7256
11.1591 -1.78882 -43.766
11.1037 -1.78128 -43.8061
11.0474 -1.77577 -43.8461
10.9903 -1.77226 -43.8859
10.9323 -1.77071 -43.9255
10.8735 -1.77108 -43.9649
10.8139 -1.77333 -44.0041
10.7535 -1.77742 -44.0429
10.6924 -1.78332 -44.0816
10.6306 -1.79097 -44.12
10.5682 -1.80035 -44.1581
10.5051 -1.8114 -44.1959
10.4413 -1.82411 -44.2334
10.377 -1.83841 -44.2705
10.3122 -1.85428 -44.3074
10.2468 -1.87167 -44.3439
10.1809 -1.89055 -44.3801
10.1146 -1.91087 -44.4159
10.0478 -1.9326 -44.4513
9.98059 -1.95569 -44.4864
9.91303 -1.98011 -44.521
9.84512 -2.00581 -44.5553
9.7769 -2.03277 -44.5891
9.70839 -2.06093 -44.6225
9.63962 -2.09026 -44.6554
9.57063 -2.12071 -44.6879
9.50143 -2.15226 -44.7199
9.43207 -2.18485 -44.7514
9.36257 -2.21846 -44.7824
9.29295 -2.25304 -44.813
9.22326 -2.28854 -44.843
9.15352 -2.32494 -44.8725
9.08376 -2.36219 -44.9014
9.014 -2.40025 -44.9298
8.94429 -2.43908 -44.9577
8.87464 -2.47865 -44.9849
8.80509 -2.51891 -45.0116
8.73567 -2.55982 -45.0376
8.66641 -2.60135 -45.0631
8.59733 -2.64345 -45.0879
8.52847 -2.68609 -45.1121
8.45985 -2.72922 -45.1357
8.39151 -2.77281 -45.1586
8.32347 -2.81682 -45.1808
8.25577 -2.8612 -45.2024
8.18843 -2.90592 -45.2232
8.12149 -2.95093 -45.2433
8.05497 -2.99621 -45.2628
7.9889 -3.0417 -45.2815
7.92332 -3.08737 -45.2994
7.85825 -3.13319 -45.3166
7.79372 -3.1791 -45.333
7.72976 -3.22507 -45.3487
7.6664 -3.27106 -45.3636
7.60368 -3.31704 -45.3776
7.54161 -3.36295 -45.3909
7.48023 -3.40877 -45.4033
7.41958 -3.45445 -45.4149
7.35967 -3.49995 -45.4257
7.30054 -3.54524 -45.4355
7.24222 -3.59027 -45.4445
7.18474 -3.635 -45.4527
7.12812 -3.6794 -45.4599
7.0724 -3.72343 -45.4662
7.01761 -3.76704 -45.4716
6.96378 -3.81019 -45.4761
6.91093 -3.85285 -45.4796
6.8591 -3.89498 -45.4822
6.80831 -3.93654 -45.4838
6.7586 -3.97748 -45.4845
6.70999 -4.01777 -45.4841
6.66251 -4.05737 -45.4827
6.6162 -4.09624 -45.4804
6.57108 -4.13434 -45.477
6.52719 -4.17163 -45.4725
6.48455 -4.20807 -45.467
6.44319 -4.24362 -45.4605
6.40314 -4.27824 -45.4529
6.36443 -4.3119 -45.4442
6.3271 -4.34454 -45.4344
6.29116 -4.37614 -45.4234
6.25666 -4.40665 -45.4114
6.22361 -4.43604 -45.3982
6.19205 -4.46425 -45.3839
6.16202 -4.49127 -45.3685
6.13353 -4.51703 -45.3518
6.10662 -4.54152 -45.334
6.08131 -4.56467 -45.315
6.05765 -4.58647 -45.2948
6.03565 -4.60686 -45.2733
6.01535 -4.6258 -45.2507
5.99677 -4.64327 -45.2268
5.97995 -4.65921 -45.2017
5.96492 -4.67359 -45.1752
5.96492 -4.67359 -45.1752
5.95219 -4.68638 -45.1501
5.94225 -4.69757 -45.1286
5.93504 -4.70721 -45.1108
5.93052 -4.7153 -45.0965
5.92863 -4.7219 -45.0857
5.92933 -4.727 -45.0783
5.93256 -4.73066 -45.0743
5.93828 -4.73288 -45.0735
5.94644 -4.7337 -45.0759
5.95698 -4.73314 -45.0815
5.96987 -4.73123 -45.0901
5.98504 -4.728 -45.1017
6.00246 -4.72347 -45.1162
6.02207 -4.71768 -45.1336
6.04382 -4.71063 -45.1537
6.06766 -4.70237 -45.1765
6.09355 -4.69292 -45.202
6.12143 -4.6823 -45.23
6.15125 -4.67054 -45.2604
6.18298 -4.65767 -45.2933
6.21654 -4.64372 -45.3285
6.25191 -4.6287 -45.366
6.28903 -4.61265 -45.4057
6.32784 -4.5956 -45.4475
6.3683 -4.57756 -45.4914
6.41036 -4.55857 -45.5372
6.45398 -4.53865 -45.5849
6.4991 -4.51784 -45.6345
6.54566 -4.49614 -45.6859
6.59364 -4.4736 -45.7389
6.64296 -4.45024 -45.7935
6.69359 -4.42608 -45.8497
6.74548 -4.40115 -45.9074
6.79857 -4.37548 -45.9665
6.85282 -4.3491 -46.0269
6.90818 -4.32202 -46.0886
6.9646 -4.29428 -46.1514
7.02202 -4.26591 -46.2154
7.08041 -4.23692 -46.2804
7.13971 -4.20735 -46.3464
7.19986 -4.17723 -46.4133
7.26083 -4.14657 -46.481
7.32257 -4.1154 -46.5495
7.38501 -4.08376 -46.6187
7.44813 -4.05167 -46.6885
7.51185 -4.01915 -46.7588
7.57615 -3.98623 -46.8296
7.64095 -3.95294 -46.9008
7.70623 -3.9193 -46.9723
7.77193 -3.88534 -47.0441
7.83799 -3.85109 -47.116
7.90437 -3.81658 -47.1881
7.97103 -3.78182 -47.2602
8.0379 -3.74685 -47.3323
8.10495 -3.71169 -47.4043
8.17212 -3.67637 -47.4761
8.23936 -3.64091 -47.5476
8.30663 -3.60534 -47.6189
8.37387 -3.5697 -47.6897
8.44104 -3.534 -47.7601
8.50808 -3.49826 -47.8299
8.57495 -3.46253 -47.8992
8.6416 -3.42682 -47.9677
8.70798 -3.39116 -48.0355
8.77403 -3.35557 -48.1025
8.83972 -3.32009 -48.1686
8.90499 -3.28474 -48.2337
8.96979 -3.24955 -48.2978
9.03407 -3.21453 -48.3608
9.09778 -3.17973 -48.4226
9.16088 -3.14516 -48.4832
9.22331 -3.11085 -48.5424
9.28503 -3.07683 -48.6002
9.34598 -3.04312 -48.6566
9.40612 -3.00975 -48.7114
9.4654 -2.97675 -48.7646
9.52377 -2.94415 -48.8162
9.58117 -2.91196 -48.8659
9.63757 -2.88022 -48.9139
9.6929 -2.84896 -48.9599
9.74713 -2.81819 -49.004
9.80019 -2.78795 -49.046
9.85205 -2.75826 -49.086
9.90266 -2.72915 -49.1237
9.95196 -2.70064 -49.1592
9.9999 -2.67276 -49.1923
10.0464 -2.64555 -49.223
10.0915 -2.61901 -49.2513
10.1351 -2.59319 -49.277
10.1771 -2.56811 -49.3002
10.2176 -2.54378 -49.3206
10.2563 -2.52025 -49.3382
10.2934 -2.49753 -49.3531
10.3287 -2.47566 -49.365
10.3623 -2.45466 -49.3739
10.394 -2.43455 -49.3798
10.4237 -2.41536 -49.3826
10.4516 -2.39712 -49.3822
10.4774 -2.37986 -49.3785
10.5012 -2.36359 -49.3715
