-2.9403 2.19156 -46.0519
-2.93994 2.18838 -46.0427
-2.93959 2.1852 -46.0335
-2.93924 2.18202 -46.0243
-2.93889 2.17883 -46.0151
-2.93854 2.17565 -46.0059
-2.93819 2.17247 -45.9967
-2.93783 2.16929 -45.9875
-2.93748 2.16611 -45.9783
-2.93713 2.16293 -45.9691
-2.93678 2.15975 -45.9599
-2.93642 2.15657 -45.9507
-2.93607 2.15339 -45.9415
-2.93572 2.15021 -45.9323
-2.93536 2.14703 -45.923
-2.93501 2.14385 -45.9138
-2.93465 2.14067 -45.9046
-2.9343 2.13748 -45.8954
-2.93394 2.1343 -45.8862
-2.93358 2.13112 -45.877
-2.93322 2.12793 -45.8678
-2.93286 2.12475 -45.8586
-2.9325 2.12156 -45.8494
-2.93214 2.11838 -45.8402
-2.93178 2.1152 -45.831
-2.93141 2.11201 -45.8218
-2.93104 2.10882 -45.8126
-2.93068 2.10563 -45.8034
-2.93031 2.10245 -45.7942
-2.92994 2.09926 -45.785
-2.92956 2.09607 -45.7758
-2.92919 2.09288 -45.7666
-2.92881 2.08968 -45.7574
-2.92841 2.08648 -45.7482
-2.92801 2.08328 -45.739
-2.92761 2.08008 -45.7298
-2.9272 2.07687 -45.7206
-2.92679 2.07367 -45.7114
-2.92638 2.07046 -45.7022
-2.92597 2.06725 -45.693
-2.92555 2.06404 -45.6838
-2.92514 2.06083 -45.6747
-2.92471 2.05762 -45.6655
-2.92429 2.05441 -45.6563
-2.92387 2.0512 -45.6471
-2.92344 2.04798 -45.6379
-2.92301 2.04477 -45.6287
-2.92258 2.04155 -45.6195
-2.92214 2.03833 -45.6103
-2.92168 2.0351 -45.6012
-2.92122 2.03187 -45.592
-2.92075 2.02864 -45.5828
-2.92028 2.0254 -45.5736
-2.9198 2.02217 -45.5644
-2.91933 2.01893 -45.5553
-2.91884 2.01569 -45.5461
-2.91836 2.01245 -45.5369
-2.91785 2.0092 -45.5277
-2.91734 2.00595 -45.5186
-2.91682 2.00269 -45.5094
-2.9163 1.99943 -45.5002
-2.91575 1.99617 -45.4911
-2.9152 1.9929 -45.4819
-2.91463 1.98962 -45.4727
-2.91403 1.98633 -45.4636
-2.91334 1.98299 -45.4545
-2.91262 1.97964 -45.4453
-2.91188 1.97629 -45.4362
-2.91113 1.97293 -45.4271
-2.91036 1.96956 -45.418
-2.90959 1.96619 -45.4089
-2.90881 1.96281 -45.3998
-2.90802 1.95944 -45.3907
-2.90721 1.95605 -45.3816
-2.9064 1.95266 -45.3725
-2.90558 1.94927 -45.3634
-2.90475 1.94588 -45.3543
-2.90392 1.94248 -45.3452
-2.90309 1.93908 -45.3361
-2.90224 1.93568 -45.327
-2.90139 1.93227 -45.3179
-2.9005 1.92885 -45.3088
-2.8996 1.92542 -45.2997
-2.8987 1.92199 -45.2906
-2.89779 1.91856 -45.2815
-2.89687 1.91512 -45.2724
-2.89595 1.91168 -45.2634
-2.89502 1.90824 -45.2543
-2.89409 1.9048 -45.2452
-2.89313 1.90134 -45.2361
-2.89216 1.89788 -45.2271
-2.89118 1.89442 -45.218
-2.8902 1.89096 -45.2089
-2.8892 1.88748 -45.1999
-2.88819 1.884 -45.1908
-2.88715 1.88051 -45.1818
-2.88608 1.87701 -45.1727
-2.8849 1.87345 -45.1637
-2.88369 1.86988 -45.1547
-2.88246 1.8663 -45.1457
-2.88122 1.86272 -45.1367
-2.87995 1.85913 -45.1277
-2.87867 1.85553 -45.1187
-2.87738 1.85192 -45.1097
-2.87609 1.84832 -45.1007
-2.87475 1.84469 -45.0917
-2.8734 1.84106 -45.0827
-2.87204 1.83742 -45.0737
-2.87068 1.83379 -45.0647
-2.86929 1.83014 -45.0558
-2.86789 1.82648 -45.0468
-2.86646 1.82281 -45.0378
-2.86501 1.81914 -45.0289
-2.86343 1.8154 -45.0199
-2.86183 1.81166 -45.011
-2.8602 1.8079 -45.0021
-2.85856 1.80414 -44.9931
-2.85688 1.80035 -44.9842
-2.85519 1.79657 -44.9753
-2.85346 1.79277 -44.9664
-2.85172 1.78895 -44.9575
-2.84984 1.78509 -44.9487
-2.84794 1.7812 -44.9398
-2.846 1.7773 -44.9309
-2.84403 1.77339 -44.9221
-2.84193 1.76942 -44.9133
-2.83979 1.76543 -44.9045
-2.83753 1.76139 -44.8957
-2.83514 1.75729 -44.8869
-2.83212 1.7529 -44.8783
-2.82898 1.74846 -44.8697
-2.82571 1.74396 -44.8612
-2.8224 1.73944 -44.8526
-2.81896 1.73486 -44.8441
-2.8155 1.73028 -44.8356
-2.81199 1.72567 -44.8271
-2.80846 1.72105 -44.8186
-2.80479 1.71637 -44.8101
-2.8011 1.71168 -44.8016
-2.79738 1.70698 -44.7932
-2.79365 1.70227 -44.7847
-2.78988 1.69754 -44.7763
-2.78609 1.6928 -44.7678
-2.78227 1.68805 -44.7594
-2.77842 1.68329 -44.751
-2.77443 1.67846 -44.7426
-2.77041 1.67362 -44.7342
-2.76636 1.66877 -44.7258
-2.7623 1.66391 -44.7174
-2.7582 1.65904 -44.709
-2.7541 1.65416 -44.7007
-2.74998 1.64928 -44.6923
-2.74585 1.64439 -44.6839
-2.74166 1.63947 -44.6756
-2.73745 1.63455 -44.6672
-2.73323 1.62961 -44.6589
-2.72899 1.62468 -44.6505
-2.72471 1.61972 -44.6422
-2.72041 1.61475 -44.6339
-2.71606 1.60977 -44.6255
-2.71167 1.60476 -44.6172
-2.70706 1.59965 -44.609
-2.70239 1.59452 -44.6007
-2.69769 1.58937 -44.5925
-2.69296 1.58421 -44.5842
-2.68819 1.57903 -44.576
-2.68341 1.57384 -44.5678
-2.6786 1.56865 -44.5596
-2.67379 1.56345 -44.5514
-2.6689 1.55822 -44.5432
-2.66401 1.55299 -44.535
-2.6591 1.54774 -44.5268
-2.65418 1.5425 -44.5186
-2.64922 1.53723 -44.5104
-2.64425 1.53196 -44.5022
-2.63925 1.52668 -44.494
-2.63421 1.52138 -44.4859
-2.62902 1.51601 -44.4777
-2.62379 1.51062 -44.4696
-2.61853 1.50522 -44.4615
-2.61325 1.49981 -44.4534
-2.60792 1.49438 -44.4453
-2.60258 1.48894 -44.4372
-2.59721 1.48349 -44.4291
-2.5918 1.47802 -44.421
-2.58625 1.47249 -44.4129
-2.58066 1.46694 -44.4049
-2.57502 1.46137 -44.3969
-2.56935 1.45578 -44.3888
-2.56354 1.45013 -44.3808
-2.55767 1.44446 -44.3729
-2.55166 1.43872 -44.3649
-2.5455 1.43291 -44.357
-2.53861 1.42677 -44.3492
-2.53157 1.42057 -44.3415
-2.52439 1.4143 -44.3338
-2.51715 1.408 -44.3261
-2.50977 1.40164 -44.3185
-2.50235 1.39526 -44.3109
-2.49489 1.38886 -44.3032
-2.48738 1.38245 -44.2956
-2.47971 1.37596 -44.288
-2.47201 1.36945 -44.2805
-2.46427 1.36293 -44.2729
-2.45651 1.3564 -44.2653
-2.44869 1.34984 -44.2578
-2.44084 1.34327 -44.2502
-2.43294 1.33667 -44.2427
-2.42499 1.33006 -44.2352
-2.4168 1.32333 -44.2277
-2.40855 1.31658 -44.2203
-2.40025 1.3098 -44.2128
-2.39193 1.30302 -44.2054
-2.38355 1.2962 -44.1979
-2.37514 1.28938 -44.1905
-2.3667 1.28254 -44.1831
-2.35822 1.27568 -44.1757
-2.34957 1.26875 -44.1683
-2.34089 1.2618 -44.161
-2.33216 1.25483 -44.1536
-2.32339 1.24784 -44.1463
-2.31446 1.24078 -44.139
-2.30549 1.2337 -44.1317
-2.29637 1.22655 -44.1244
-2.2871 1.21934 -44.1172
-2.27707 1.21178 -44.1101
-2.2669 1.20416 -44.1031
-2.25657 1.19647 -44.0961
-2.2462 1.18875 -44.0891
-2.23565 1.18096 -44.0822
-2.22506 1.17315 -44.0753
-2.21441 1.16531 -44.0683
-2.2037 1.15744 -44.0614
-2.19274 1.14946 -44.0546
-2.18173 1.14146 -44.0477
-2.17065 1.13343 -44.0409
-2.15953 1.12537 -44.0341
-2.14824 1.11725 -44.0273
-2.1369 1.10909 -44.0205
-2.1254 1.10087 -44.0138
-2.11376 1.09258 -44.0071
-2.10136 1.08395 -44.0006
-2.08881 1.07525 -43.9941
-2.07609 1.06648 -43.9876
-2.0633 1.05767 -43.9811
-2.05026 1.04875 -43.9748
-2.03715 1.0398 -43.9684
-2.02387 1.03077 -43.962
-2.01044 1.02168 -43.9557
-1.99626 1.01224 -43.9496
-1.98191 1.00273 -43.9435
-1.9673 0.993099 -43.9374
-1.95253 0.983396 -43.9314
-1.93701 0.973352 -43.9256
-1.92124 0.963195 -43.9198
-1.90471 0.952697 -43.9142
-1.88743 0.941859 -43.9087
-1.86638 0.929316 -43.9041
-1.84458 0.916432 -43.8997
-1.82202 0.903208 -43.8954
-1.79922 0.88987 -43.8912
-1.77566 0.876192 -43.8871
-1.75193 0.862437 -43.8831
-1.72796 0.848569 -43.8791
-1.70381 0.834626 -43.8752
-1.67891 0.820342 -43.8714
-1.65386 0.805989 -43.8677
-1.62865 0.79156 -43.864
-1.60336 0.7771 -43.8603
-1.57782 0.762527 -43.8567
-1.55221 0.747923 -43.8531
-1.52644 0.733243 -43.8495
-1.50051 0.718494 -43.846
-1.47384 0.703408 -43.8426
-1.44701 0.688254 -43.8393
-1.42003 0.673031 -43.836
-1.39299 0.657785 -43.8327
-1.3658 0.642463 -43.8294
-1.33856 0.627124 -43.8262
-1.31125 0.611755 -43.8229
-1.28389 0.596361 -43.8197
-1.25628 0.580858 -43.8166
-1.22862 0.565331 -43.8134
-1.20089 0.549774 -43.8103
-1.17313 0.5342 -43.8071
-1.1452 0.518554 -43.804
-1.11721 0.502884 -43.801
-1.08908 0.487149 -43.7979
-1.0608 0.471349 -43.7949
-1.03179 0.455226 -43.792
-1.00263 0.439038 -43.7892
-0.973325 0.422786 -43.7864
-0.94397 0.406512 -43.7836
-0.914466 0.390173 -43.7809
-0.884928 0.373819 -43.7782
-0.855339 0.357442 -43.7754
-0.825715 0.34105 -43.7727
-0.795931 0.324589 -43.77
-0.766113 0.308114 -43.7673
-0.736258 0.291623 -43.7647
-0.706387 0.275124 -43.762
-0.67645 0.258599 -43.7593
-0.646495 0.242066 -43.7567
-0.616491 0.225512 -43.7541
-0.586441 0.20894 -43.7514
-0.556164 0.192276 -43.7488
-0.52584 0.175592 -43.7463
-0.495468 0.158889 -43.7437
-0.465078 0.142179 -43.7412
-0.434626 0.125444 -43.7386
-0.404159 0.108703 -43.7361
-0.373657 0.0919484 -43.7335
-0.343125 0.0751828 -43.731
-0.31245 0.0583628 -43.7285
-0.281744 0.0415309 -43.726
-0.250992 0.024682 -43.7236
-0.220211 0.00782223 -43.7211
-0.189301 -0.00908554 -43.7186
-0.158348 -0.0260091 -43.7162
-0.127269 -0.0429796 -43.7138
-0.0960626 -0.0599969 -43.7114
-0.0642244 -0.0772477 -43.7091
-0.0322597 -0.0945452 -43.7069
-0.000168693 -0.111889 -43.7047
0.0319645 -0.129249 -43.7025
0.064224 -0.146655 -43.7003
0.0965115 -0.164072 -43.6982
0.128841 -0.181503 -43.696
0.161199 -0.198945 -43.6939
0.193682 -0.216432 -43.6918
0.226192 -0.233928 -43.6896
0.258729 -0.251434 -43.6875
0.291277 -0.268943 -43.6854
0.323868 -0.286467 -43.6833
0.35647 -0.303994 -43.6812
0.389099 -0.321529 -43.6791
0.421754 -0.339072 -43.6771
0.454532 -0.356653 -43.675
0.487335 -0.37424 -43.6729
0.520163 -0.391835 -43.6709
0.553 -0.409432 -43.6688
0.585863 -0.427036 -43.6668
0.618734 -0.444641 -43.6647
0.651615 -0.462249 -43.6627
0.684504 -0.479857 -43.6606
0.717433 -0.49747 -43.6586
0.750369 -0.515083 -43.6566
0.783317 -0.532697 -43.6545
0.81627 -0.550311 -43.6525
0.849248 -0.567923 -43.6505
0.882234 -0.585535 -43.6485
0.915242 -0.603145 -43.6464
0.948272 -0.620753 -43.6444
0.981412 -0.638349 -43.6424
1.01457 -0.655943 -43.6404
1.04776 -0.673534 -43.6384
1.08095 -0.691124 -43.6364
1.11416 -0.708711 -43.6344
1.14738 -0.726296 -43.6324
1.1806 -0.743879 -43.6304
1.21383 -0.76146 -43.6284
1.24709 -0.77903 -43.6264
1.28034 -0.796598 -43.6244
1.3136 -0.814163 -43.6224
1.34687 -0.831725 -43.6204
1.38014 -0.849276 -43.6184
1.41341 -0.866824 -43.6164
1.44669 -0.884362 -43.6144
1.47997 -0.901889 -43.6124
1.51328 -0.919363 -43.6104
1.54659 -0.936827 -43.6084
1.5799 -0.95428 -43.6064
1.61322 -0.971727 -43.6044
1.64654 -0.989155 -43.6024
1.67986 -1.00658 -43.6004
1.71318 -1.02399 -43.5984
1.74651 -1.04139 -43.5964
1.77985 -1.05873 -43.5943
1.81318 -1.07605 -43.5923
1.84652 -1.09336 -43.5903
1.87986 -1.11065 -43.5883
1.9132 -1.12788 -43.5862
1.94655 -1.1451 -43.5842
1.9799 -1.16225 -43.5821
2.01326 -1.17934 -43.5801
2.04664 -1.19613 -43.5779
2.08003 -1.21285 -43.5758
2.11342 -1.22952 -43.5737
2.14682 -1.24617 -43.5716
2.18022 -1.26275 -43.5694
2.21362 -1.27933 -43.5673
2.24702 -1.29588 -43.5651
2.28042 -1.31242 -43.563
2.31383 -1.32889 -43.5608
2.34723 -1.34535 -43.5587
2.38064 -1.3618 -43.5565
2.41404 -1.37824 -43.5543
2.44745 -1.39466 -43.5522
2.48085 -1.41107 -43.55
2.51425 -1.42746 -43.5478
2.54765 -1.44384 -43.5456
2.58104 -1.46014 -43.5434
2.61442 -1.47643 -43.5413
2.6478 -1.4927 -43.5391
2.68118 -1.50897 -43.5369
2.71456 -1.52521 -43.5347
2.74793 -1.54145 -43.5325
2.7813 -1.55768 -43.5302
2.81467 -1.57391 -43.528
2.84802 -1.59009 -43.5258
2.88136 -1.60627 -43.5236
2.9147 -1.62243 -43.5214
2.94804 -1.63859 -43.5192
2.98135 -1.65471 -43.5169
3.01466 -1.67082 -43.5147
3.04795 -1.68691 -43.5124
3.08122 -1.70296 -43.5102
3.1144 -1.71885 -43.5079
3.14755 -1.73471 -43.5056
3.18069 -1.75054 -43.5033
3.21382 -1.76636 -43.501
3.24693 -1.78215 -43.4987
3.28003 -1.79792 -43.4963
3.31313 -1.81369 -43.494
3.34621 -1.82944 -43.4917
3.37927 -1.84515 -43.4893
3.41231 -1.86084 -43.487
3.44534 -1.87652 -43.4846
3.47837 -1.8922 -43.4823
3.51137 -1.90784 -43.4799
3.54437 -1.92348 -43.4776
3.57734 -1.93909 -43.4752
3.61029 -1.95467 -43.4728
3.64312 -1.97012 -43.4704
3.67593 -1.98554 -43.468
3.70871 -2.00093 -43.4656
3.74149 -2.01631 -43.4631
3.77422 -2.03165 -43.4607
3.80694 -2.04698 -43.4582
3.83964 -2.06227 -43.4557
3.87231 -2.07754 -43.4533
3.90486 -2.09269 -43.4508
3.93739 -2.1078 -43.4483
3.96988 -2.12287 -43.4457
4.00234 -2.13791 -43.4432
4.03468 -2.15283 -43.4406
4.06698 -2.1677 -43.438
4.09916 -2.18245 -43.4354
4.13122 -2.19706 -43.4327
4.16269 -2.21105 -43.4298
4.19403 -2.2249 -43.4269
4.22526 -2.23862 -43.424
4.25644 -2.25231 -43.421
4.2875 -2.26586 -43.418
4.31854 -2.27938 -43.415
4.34953 -2.29286 -43.412
4.38049 -2.30631 -43.409
4.41132 -2.31961 -43.4059
4.44211 -2.33288 -43.4028
4.47288 -2.34612 -43.3997
4.50363 -2.35935 -43.3967
4.53432 -2.37251 -43.3935
4.565 -2.38565 -43.3904
4.59562 -2.39875 -43.3873
4.62621 -2.4118 -43.3841
4.65658 -2.42464 -43.3809
4.6869 -2.43742 -43.3777
4.71718 -2.45016 -43.3744
4.74744 -2.46288 -43.3712
4.77764 -2.47554 -43.3679
4.80782 -2.48818 -43.3646
4.83796 -2.50079 -43.3613
4.86808 -2.51337 -43.358
4.89804 -2.52579 -43.3547
4.92797 -2.53818 -43.3513
4.95785 -2.55052 -43.348
4.98769 -2.56283 -43.3446
5.0174 -2.57499 -43.3411
5.04706 -2.58711 -43.3377
5.07657 -2.5991 -43.3342
5.10595 -2.61094 -43.3307
5.13462 -2.62209 -43.3269
5.16316 -2.6331 -43.3231
5.19155 -2.64397 -43.3193
5.21989 -2.65479 -43.3155
5.24807 -2.66546 -43.3116
5.27622 -2.67609 -43.3076
5.3043 -2.68666 -43.3037
5.33233 -2.69717 -43.2998
5.36013 -2.70746 -43.2957
5.38787 -2.71769 -43.2917
5.41555 -2.72786 -43.2876
5.44319 -2.73799 -43.2836
5.47067 -2.74797 -43.2794
5.4981 -2.7579 -43.2753
5.52538 -2.76768 -43.2711
5.55252 -2.77733 -43.2669
5.57894 -2.78627 -43.2624
5.60522 -2.79507 -43.2579
5.63133 -2.80371 -43.2534
5.65738 -2.81228 -43.2488
5.68319 -2.82063 -43.2442
5.70893 -2.8289 -43.2395
5.73451 -2.83703 -43.2348
5.75994 -2.845 -43.23
5.78465 -2.85228 -43.2251
5.80921 -2.8594 -43.22
5.83352 -2.86628 -43.2149
5.85767 -2.87301 -43.2098
5.88109 -2.87903 -43.2044
5.90428 -2.88482 -43.1989
5.92674 -2.8899 -43.1932
5.94849 -2.89428 -43.1873
5.96661 -2.89514 -43.1803
5.98402 -2.8953 -43.1731
6.00071 -2.89475 -43.1656
6.01715 -2.89397 -43.158
6.03287 -2.89248 -43.1503
6.04843 -2.89083 -43.1425
6.06375 -2.88896 -43.1346
6.07891 -2.88692 -43.1266
6.09335 -2.88418 -43.1184
6.10764 -2.8813 -43.1102
6.12177 -2.87826 -43.1019
6.13583 -2.87516 -43.0937
6.14965 -2.87182 -43.0853
6.1634 -2.86842 -43.0769
6.177 -2.86486 -43.0685
6.19045 -2.86116 -43.06
6.20317 -2.85676 -43.0513
6.21575 -2.85222 -43.0426
6.22819 -2.84753 -43.0338
6.24057 -2.84279 -43.025
6.25279 -2.8379 -43.0161
6.26498 -2.83297 -43.0072
6.27709 -2.82798 -42.9984
6.28916 -2.82294 -42.9895
6.30099 -2.81766 -42.9805
6.31276 -2.81234 -42.9715
6.32447 -2.80695 -42.9625
6.33614 -2.80152 -42.9534
6.34765 -2.79594 -42.9444
6.35911 -2.79031 -42.9353
6.37043 -2.78454 -42.9262
6.3816 -2.77864 -42.917
6.39205 -2.77204 -42.9076
6.40236 -2.7653 -42.8982
6.41252 -2.75843 -42.8887
6.42264 -2.7515 -42.8792
6.43261 -2.74444 -42.8697
6.44254 -2.73735 -42.8601
6.45243 -2.73021 -42.8506
6.46228 -2.72303 -42.841
6.47197 -2.7157 -42.8314
6.48163 -2.70834 -42.8217
6.49125 -2.70095 -42.8121
6.50085 -2.69354 -42.8025
6.51039 -2.68606 -42.7928
6.51991 -2.67857 -42.7831
6.52938 -2.67104 -42.7735
6.5388 -2.66345 -42.7638
6.54799 -2.65565 -42.754
6.55712 -2.64781 -42.7442
6.56621 -2.63991 -42.7344
6.57528 -2.632 -42.7247
6.58428 -2.62403 -42.7148
6.59327 -2.61605 -42.705
6.60222 -2.60803 -42.6952
6.61113 -2.59998 -42.6854
6.61989 -2.59179 -42.6755
6.62862 -2.58357 -42.6656
6.6373 -2.57531 -42.6557
6.64594 -2.56701 -42.6458
6.65445 -2.55859 -42.6359
6.6629 -2.55013 -42.626
6.67122 -2.54154 -42.616
6.6794 -2.53283 -42.606
6.68688 -2.52349 -42.5958
6.69422 -2.51402 -42.5856
6.70142 -2.50443 -42.5753
6.70857 -2.4948 -42.565
6.71558 -2.48504 -42.5547
6.72257 -2.47526 -42.5444
6.7295 -2.46543 -42.5341
6.73641 -2.45558 -42.5238
6.74317 -2.4456 -42.5134
6.74991 -2.43559 -42.503
6.75661 -2.42556 -42.4926
6.7633 -2.41551 -42.4823
6.76994 -2.40543 -42.4719
6.77657 -2.39533 -42.4615
6.78316 -2.3852 -42.4511
6.78972 -2.37504 -42.4406
6.79613 -2.36476 -42.4302
6.80252 -2.35446 -42.4198
6.80887 -2.34412 -42.4093
6.8152 -2.33378 -42.3988
6.82151 -2.32341 -42.3884
6.8278 -2.31303 -42.3779
6.83408 -2.30264 -42.3674
6.84035 -2.29224 -42.357
6.84655 -2.28179 -42.3465
6.85274 -2.27134 -42.336
6.85892 -2.26087 -42.3255
6.86508 -2.25039 -42.3151
6.8712 -2.23988 -42.3046
6.87731 -2.22937 -42.2941
6.88337 -2.21882 -42.2836
6.88939 -2.20825 -42.2731
6.8952 -2.19753 -42.2626
6.90096 -2.18678 -42.2521
6.90668 -2.17601 -42.2416
6.91239 -2.16522 -42.2311
6.91806 -2.15441 -42.2205
6.92371 -2.14359 -42.21
6.92935 -2.13275 -42.1995
6.93497 -2.12192 -42.189
6.94054 -2.11104 -42.1785
6.94609 -2.10016 -42.1679
6.95163 -2.08927 -42.1574
6.95716 -2.07838 -42.1469
6.96266 -2.06747 -42.1364
6.96816 -2.05655 -42.1259
6.97362 -2.04563 -42.1154
6.97906 -2.03469 -42.1048
6.98437 -2.02368 -42.0943
6.98965 -2.01267 -42.0838
6.9949 -2.00164 -42.0733
7.00014 -1.99061 -42.0628
7.00534 -1.97955 -42.0523
7.01053 -1.96849 -42.0419
7.01569 -1.95743 -42.0314
7.02083 -1.94635 -42.0209
7.02585 -1.93522 -42.0104
7.03085 -1.92408 -41.9999
7.03581 -1.91292 -41.9895
7.04074 -1.90176 -41.979
7.04555 -1.89054 -41.9686
7.05033 -1.87931 -41.9582
7.055 -1.86804 -41.9477
7.05955 -1.85672 -41.9373
7.06352 -1.84516 -41.927
7.06739 -1.83356 -41.9167
7.07114 -1.82191 -41.9064
7.07485 -1.81025 -41.8961
7.07845 -1.79854 -41.8859
7.08202 -1.78682 -41.8756
7.08555 -1.77509 -41.8653
7.08906 -1.76334 -41.8551
7.09246 -1.75155 -41.8448
7.09583 -1.73975 -41.8346
7.09917 -1.72794 -41.8244
7.10251 -1.71613 -41.8141
7.10581 -1.7043 -41.8039
7.10909 -1.69247 -41.7937
7.11236 -1.68064 -41.7835
7.1156 -1.66879 -41.7733
7.11872 -1.65691 -41.7631
7.12183 -1.64502 -41.7529
7.12491 -1.63312 -41.7427
7.12798 -1.62122 -41.7325
7.13103 -1.60932 -41.7224
7.13407 -1.59741 -41.7122
7.1371 -1.5855 -41.702
7.14012 -1.57359 -41.6919
7.14311 -1.56168 -41.6817
7.14609 -1.54976 -41.6716
7.14906 -1.53785 -41.6615
7.15202 -1.52594 -41.6513
7.15496 -1.51402 -41.6412
7.1579 -1.50211 -41.6311
7.16081 -1.4902 -41.621
7.1637 -1.47829 -41.6109
7.16648 -1.4664 -41.6008
7.16924 -1.45451 -41.5908
7.17199 -1.44262 -41.5808
7.17472 -1.43074 -41.5708
7.17743 -1.41885 -41.5608
7.18014 -1.40697 -41.5508
7.18284 -1.3951 -41.5408
7.18554 -1.38322 -41.5308
7.18821 -1.37136 -41.5209
7.19088 -1.35949 -41.5109
7.19354 -1.34764 -41.501
7.1962 -1.33578 -41.491
7.19886 -1.32393 -41.4811
7.20151 -1.31209 -41.4711
7.20415 -1.30026 -41.4612
7.20679 -1.28844 -41.4513
7.2094 -1.27668 -41.4414
7.21201 -1.26493 -41.4316
7.2146 -1.25319 -41.4218
7.2172 -1.24145 -41.412
7.21979 -1.22973 -41.4021
7.22238 -1.21802 -41.3923
7.22496 -1.20633 -41.3826
7.22754 -1.19464 -41.3728
7.2301 -1.18302 -41.3631
7.23267 -1.17141 -41.3534
7.23522 -1.15982 -41.3437
7.23777 -1.14825 -41.334
7.24031 -1.13674 -41.3244
7.24285 -1.12524 -41.3148
7.24537 -1.11382 -41.3052
7.24788 -1.10245 -41.2957
7.25033 -1.0914 -41.2865
7.25276 -1.08042 -41.2774
7.25518 -1.06949 -41.2683
7.25759 -1.05859 -41.2592
7.26 -1.04775 -41.2502
7.2624 -1.03693 -41.2412
7.26479 -1.02613 -41.2322
7.26718 -1.01535 -41.2232
7.26956 -1.00463 -41.2143
7.27194 -0.993938 -41.2054
7.27432 -0.983259 -41.1965
7.27669 -0.972588 -41.1877
7.27906 -0.96195 -41.1788
7.28143 -0.95132 -41.17
7.2838 -0.940717 -41.1612
7.28617 -0.930137 -41.1524
7.28853 -0.919678 -41.1437
7.29089 -0.909243 -41.135
7.29325 -0.898834 -41.1263
7.2956 -0.888435 -41.1177
7.29796 -0.878071 -41.1091
7.30031 -0.867716 -41.1005
7.30267 -0.857381 -41.0919
7.30503 -0.847064 -41.0833
7.30738 -0.836836 -41.0748
7.30974 -0.826626 -41.0663
7.3121 -0.816445 -41.0578
7.31446 -0.806282 -41.0493
7.31683 -0.796202 -41.0409
7.31919 -0.786149 -41.0326
7.32156 -0.776177 -41.0242
7.32394 -0.766287 -41.016
7.32633 -0.756803 -41.0081
7.32873 -0.747401 -41.0002
7.33113 -0.738081 -40.9924
7.33353 -0.72879 -40.9846
7.33594 -0.719591 -40.9769
7.33835 -0.710412 -40.9692
7.34076 -0.701272 -40.9615
7.34317 -0.692161 -40.9538
7.34559 -0.683188 -40.9463
7.34802 -0.674245 -40.9388
7.35044 -0.66534 -40.9313
7.35287 -0.656457 -40.9238
7.35531 -0.647667 -40.9164
7.35774 -0.638907 -40.909
7.36019 -0.630233 -40.9017
7.36264 -0.621644 -40.8945
7.36512 -0.613476 -40.8875
7.36762 -0.605394 -40.8807
7.37012 -0.597406 -40.8739
7.37262 -0.589457 -40.8671
7.37514 -0.581649 -40.8604
7.37765 -0.57388 -40.8538
7.38018 -0.566205 -40.8473
7.38271 -0.558617 -40.8408
7.38528 -0.551453 -40.8346
7.38786 -0.544383 -40.8285
7.39045 -0.537454 -40.8225
7.39305 -0.53062 -40.8166
7.39568 -0.524211 -40.811
7.39833 -0.517943 -40.8055
7.40101 -0.512099 -40.8003
7.40374 -0.506681 -40.7954
7.40664 -0.503385 -40.7922
7.40958 -0.500514 -40.7893
7.41256 -0.498068 -40.7867
7.41555 -0.495764 -40.7842
7.41858 -0.493884 -40.782
7.42161 -0.492098 -40.7799
7.42466 -0.490454 -40.7779
7.42772 -0.488904 -40.776
7.43081 -0.487779 -40.7743
7.43391 -0.486741 -40.7728
7.43702 -0.485796 -40.7713
7.44013 -0.484891 -40.7699
7.44326 -0.484127 -40.7686
7.44638 -0.483403 -40.7672
7.44952 -0.482773 -40.766
7.45266 -0.482229 -40.7648
7.45585 -0.482109 -40.764
7.45903 -0.482075 -40.7632
7.46223 -0.482126 -40.7625
7.46543 -0.482208 -40.7618
7.46864 -0.482383 -40.7612
7.47185 -0.482581 -40.7606
7.47506 -0.482819 -40.76
7.47828 -0.483086 -40.7594
7.4815 -0.483493 -40.759
7.48474 -0.483931 -40.7586
7.48797 -0.484408 -40.7582
7.49121 -0.484907 -40.7578
7.49446 -0.485499 -40.7575
7.49771 -0.486122 -40.7572
7.50096 -0.486829 -40.757
7.50423 -0.487622 -40.7568
7.50753 -0.488834 -40.757
7.51085 -0.490131 -40.7572
7.51417 -0.491512 -40.7575
7.5175 -0.492922 -40.7579
7.52083 -0.494417 -40.7582
7.52417 -0.495931 -40.7586
7.52751 -0.497475 -40.7591
7.53085 -0.499039 -40.7595
7.5342 -0.500696 -40.76
7.53755 -0.502373 -40.7605
7.5409 -0.504071 -40.7611
7.54426 -0.505779 -40.7616
7.54762 -0.507526 -40.7622
7.55098 -0.509283 -40.7628
7.55435 -0.51107 -40.7634
7.55772 -0.512884 -40.764
7.5611 -0.514835 -40.7648
7.56449 -0.516814 -40.7655
7.56788 -0.518822 -40.7663
7.57128 -0.52084 -40.7671
7.57468 -0.522897 -40.7679
7.57808 -0.524963 -40.7688
7.58148 -0.52705 -40.7696
7.58488 -0.529156 -40.7705
7.5883 -0.531351 -40.7714
7.59172 -0.533566 -40.7724
7.59515 -0.535809 -40.7733
7.59858 -0.53807 -40.7743
7.60202 -0.540413 -40.7754
7.60546 -0.542783 -40.7765
7.60892 -0.545233 -40.7776
7.61239 -0.547763 -40.7788
7.61592 -0.550691 -40.7803
7.61946 -0.5537 -40.7819
7.62301 -0.556789 -40.7836
7.62657 -0.559904 -40.7853
7.63014 -0.563099 -40.787
7.63371 -0.566312 -40.7888
7.63728 -0.569552 -40.7905
7.64086 -0.57281 -40.7923
7.64445 -0.576148 -40.7942
7.64805 -0.579503 -40.7961
7.65165 -0.582876 -40.798
7.65524 -0.586257 -40.7999
7.65885 -0.589665 -40.8018
7.66245 -0.593081 -40.8037
7.66606 -0.596516 -40.8056
7.66967 -0.599968 -40.8076
7.6733 -0.603505 -40.8096
7.67693 -0.60706 -40.8117
7.68057 -0.610631 -40.8137
7.68421 -0.614209 -40.8158
7.68785 -0.617807 -40.8179
7.69149 -0.62141 -40.82
7.69513 -0.625021 -40.8221
7.69878 -0.628639 -40.8242
7.70244 -0.63229 -40.8263
7.70609 -0.635948 -40.8284
7.70975 -0.639615 -40.8306
7.71342 -0.643288 -40.8327
7.71709 -0.646986 -40.8349
7.72076 -0.650691 -40.8371
7.72444 -0.654418 -40.8393
7.72813 -0.658168 -40.8415
7.73186 -0.66203 -40.8438
7.7356 -0.665914 -40.8462
7.73934 -0.669821 -40.8486
7.74309 -0.673736 -40.851
7.74685 -0.677674 -40.8534
7.7506 -0.681617 -40.8558
7.75437 -0.685569 -40.8582
7.75813 -0.689528 -40.8606
7.76191 -0.693516 -40.8631
7.76569 -0.69751 -40.8656
7.76947 -0.701511 -40.8681
7.77326 -0.705517 -40.8705
7.77705 -0.709537 -40.873
7.78085 -0.713563 -40.8755
7.78465 -0.717602 -40.8781
7.78846 -0.721654 -40.8806
7.79231 -0.725769 -40.8832
7.79616 -0.729898 -40.8858
7.80002 -0.73404 -40.8885
7.80389 -0.738189 -40.8911
7.80777 -0.742357 -40.8938
7.81165 -0.746531 -40.8965
7.81554 -0.750717 -40.8992
7.81943 -0.754915 -40.9019
7.82336 -0.759168 -40.9046
7.8273 -0.763434 -40.9074
7.83125 -0.767719 -40.9102
7.83521 -0.772016 -40.9131
7.83921 -0.776367 -40.916
7.84322 -0.780736 -40.9189
7.84726 -0.78516 -40.9219
7.85133 -0.789639 -40.9249
7.85559 -0.794389 -40.9283
7.85988 -0.799193 -40.9318
7.86421 -0.804051 -40.9353
7.86854 -0.808928 -40.9389
7.87292 -0.813859 -40.9425
7.8773 -0.818802 -40.9461
7.88169 -0.823763 -40.9498
7.88609 -0.828736 -40.9534
7.89053 -0.833763 -40.9572
7.89498 -0.838801 -40.9609
7.89943 -0.843851 -40.9647
7.90388 -0.848906 -40.9684
7.90835 -0.853978 -40.9722
7.91283 -0.859056 -40.976
7.91731 -0.864144 -40.9799
7.9218 -0.869244 -40.9837
7.92632 -0.874395 -40.9876
7.93086 -0.879557 -40.9915
7.93541 -0.884729 -40.9954
7.93995 -0.889905 -40.9994
7.94451 -0.895091 -41.0033
7.94907 -0.900281 -41.0072
7.95363 -0.905475 -41.0112
7.9582 -0.910672 -41.0152
7.96278 -0.915884 -41.0192
7.96737 -0.9211 -41.0231
7.97196 -0.926319 -41.0271
7.97655 -0.931541 -41.0311
7.98116 -0.936772 -41.0352
7.98577 -0.942005 -41.0392
7.9904 -0.947247 -41.0432
7.99503 -0.952496 -41.0473
7.99972 -0.957785 -41.0514
8.00443 -0.963081 -41.0556
8.00915 -0.968386 -41.0597
8.01387 -0.973693 -41.0639
8.0186 -0.979007 -41.0681
8.02334 -0.984323 -41.0723
8.02808 -0.989642 -41.0765
8.03283 -0.994962 -41.0807
8.03759 -1.00029 -41.0849
8.04235 -1.00562 -41.0891
8.04712 -1.01095 -41.0933
8.05189 -1.01627 -41.0976
8.05668 -1.02161 -41.1018
8.06146 -1.02694 -41.106
8.06625 -1.03227 -41.1103
8.07105 -1.0376 -41.1145
8.07589 -1.04293 -41.1188
8.08074 -1.04826 -41.1231
8.08559 -1.05359 -41.1274
8.09045 -1.05893 -41.1317
8.09532 -1.06426 -41.136
8.1002 -1.06959 -41.1404
8.10508 -1.07492 -41.1447
8.10997 -1.08024 -41.149
8.1149 -1.08556 -41.1534
8.11983 -1.09088 -41.1577
8.12478 -1.0962 -41.1621
8.12973 -1.10152 -41.1665
8.13472 -1.10683 -41.1709
8.13972 -1.11214 -41.1753
8.14476 -1.11744 -41.1797
8.14983 -1.12273 -41.1842
8.15508 -1.12798 -41.1888
8.16036 -1.13323 -41.1934
8.16568 -1.13847 -41.198
8.17101 -1.14371 -41.2026
8.17638 -1.14894 -41.2073
8.18175 -1.15417 -41.212
8.18714 -1.15939 -41.2167
8.19254 -1.16462 -41.2214
8.19797 -1.16983 -41.2261
8.20341 -1.17504 -41.2308
8.20887 -1.18025 -41.2355
8.21432 -1.18546 -41.2403
8.2198 -1.19066 -41.245
8.22527 -1.19587 -41.2497
8.23076 -1.20106 -41.2545
8.23627 -1.20626 -41.2593
8.24183 -1.21143 -41.264
8.2474 -1.2166 -41.2688
8.25298 -1.22176 -41.2737
8.25857 -1.22692 -41.2785
8.26418 -1.23208 -41.2833
8.26979 -1.23723 -41.2881
8.27541 -1.24238 -41.2929
8.28104 -1.24752 -41.2978
8.28671 -1.25265 -41.3026
8.29238 -1.25777 -41.3075
8.29807 -1.26289 -41.3124
8.30377 -1.268 -41.3172
8.3095 -1.2731 -41.3221
8.31524 -1.27819 -41.327
8.32102 -1.28326 -41.3319
8.32683 -1.28832 -41.3369
8.33283 -1.29328 -41.3419
8.33885 -1.29823 -41.3469
8.34491 -1.30316 -41.352
8.35099 -1.30808 -41.3571
8.3571 -1.31299 -41.3621
8.36322 -1.31789 -41.3672
8.36936 -1.32278 -41.3723
8.37551 -1.32766 -41.3774
8.38172 -1.33252 -41.3826
8.38795 -1.33736 -41.3877
8.39419 -1.3422 -41.3928
8.40043 -1.34703 -41.398
8.40672 -1.35185 -41.4032
8.41302 -1.35665 -41.4083
8.41936 -1.36144 -41.4135
8.42573 -1.3662 -41.4188
8.43227 -1.37087 -41.424
8.43886 -1.37552 -41.4294
8.44548 -1.38015 -41.4347
8.45212 -1.38477 -41.44
8.45882 -1.38935 -41.4454
8.46553 -1.39393 -41.4508
8.47228 -1.39849 -41.4562
8.47907 -1.40302 -41.4616
8.48603 -1.40746 -41.4671
8.49304 -1.41187 -41.4726
8.5001 -1.41626 -41.4781
8.5072 -1.42062 -41.4837
8.51448 -1.42488 -41.4893
8.52182 -1.42911 -41.495
8.52933 -1.43324 -41.5008
8.53702 -1.43727 -41.5066
8.54559 -1.44081 -41.5128
8.55433 -1.44425 -41.5192
8.56325 -1.44759 -41.5256
8.57223 -1.4509 -41.532
8.58139 -1.45411 -41.5386
8.59058 -1.4573 -41.5451
8.59984 -1.46045 -41.5517
8.60913 -1.46359 -41.5583
8.6186 -1.46662 -41.565
8.6281 -1.46964 -41.5717
8.63764 -1.47263 -41.5784
8.6472 -1.47561 -41.5851
8.65682 -1.47857 -41.5919
8.66645 -1.48151 -41.5986
8.67612 -1.48443 -41.6054
8.68583 -1.48733 -41.6122
8.69571 -1.49013 -41.6191
8.70563 -1.49292 -41.626
8.71558 -1.49568 -41.6329
8.72554 -1.49844 -41.6398
8.73554 -1.50117 -41.6467
8.74555 -1.5039 -41.6537
8.75558 -1.50662 -41.6606
8.76561 -1.50933 -41.6676
8.77571 -1.51202 -41.6746
8.78581 -1.51469 -41.6815
8.79593 -1.51736 -41.6885
8.80606 -1.52002 -41.6955
8.81622 -1.52266 -41.7025
8.8264 -1.5253 -41.7096
8.83661 -1.52791 -41.7166
8.84685 -1.53051 -41.7237
8.85724 -1.53301 -41.7308
8.86768 -1.53549 -41.738
8.87814 -1.53796 -41.7451
8.88861 -1.54042 -41.7523
8.89912 -1.54285 -41.7595
8.90963 -1.54529 -41.7667
8.92016 -1.54772 -41.7739
8.93069 -1.55014 -41.7811
8.94125 -1.55255 -41.7883
8.95182 -1.55495 -41.7956
8.9624 -1.55734 -41.8028
8.97298 -1.55974 -41.81
8.98358 -1.56212 -41.8173
8.99417 -1.5645 -41.8245
9.00478 -1.56688 -41.8318
9.01539 -1.56925 -41.839
9.02605 -1.5716 -41.8463
9.03671 -1.57394 -41.8536
9.04738 -1.57627 -41.8609
9.05805 -1.5786 -41.8682
9.06873 -1.58093 -41.8755
9.07942 -1.58325 -41.8828
9.09011 -1.58557 -41.8901
9.1008 -1.58788 -41.8974
9.11151 -1.59018 -41.9047
9.12223 -1.59247 -41.9121
9.13295 -1.59476 -41.9194
9.14368 -1.59705 -41.9267
9.15442 -1.59932 -41.9341
9.16517 -1.60159 -41.9415
9.17593 -1.60385 -41.9488
9.18671 -1.60609 -41.9562
9.19756 -1.60826 -41.9637
9.20843 -1.61041 -41.9712
9.21931 -1.61256 -41.9787
9.2302 -1.61469 -41.9862
9.24111 -1.61682 -41.9937
9.25201 -1.61894 -42.0012
9.26292 -1.62106 -42.0088
9.27384 -1.62317 -42.0163
9.28477 -1.62527 -42.0239
9.2957 -1.62737 -42.0314
9.30663 -1.62946 -42.039
9.31757 -1.63156 -42.0465
9.3285 -1.63365 -42.0541
9.33944 -1.63574 -42.0617
9.35038 -1.63782 -42.0692
9.36132 -1.63991 -42.0768
9.37226 -1.64198 -42.0844
9.3832 -1.64405 -42.092
9.39414 -1.64611 -42.0996
9.40509 -1.64818 -42.1072
9.41603 -1.65025 -42.1148
9.42697 -1.65231 -42.1224
9.43791 -1.65437 -42.13
9.44885 -1.65644 -42.1376
9.45978 -1.6585 -42.1452
9.4707 -1.66056 -42.1528
9.48163 -1.66262 -42.1604
9.49255 -1.66468 -42.168
9.50346 -1.66674 -42.1756
9.51436 -1.6688 -42.1832
9.52526 -1.67086 -42.1909
9.53614 -1.67292 -42.1985
9.54696 -1.67499 -42.2061
9.55778 -1.67705 -42.2138
9.56858 -1.67911 -42.2214
9.57938 -1.68117 -42.2291
9.59016 -1.68324 -42.2368
9.60094 -1.6853 -42.2444
9.61171 -1.68736 -42.2521
9.62248 -1.68943 -42.2597
9.63323 -1.6915 -42.2674
9.64397 -1.69356 -42.2751
9.6547 -1.69563 -42.2828
9.66543 -1.6977 -42.2904
9.67615 -1.69977 -42.2981
9.68685 -1.70184 -42.3058
9.69754 -1.70392 -42.3135
9.70822 -1.706 -42.3211
9.71881 -1.70809 -42.3288
9.72939 -1.71018 -42.3365
9.73995 -1.71228 -42.3442
9.75051 -1.71437 -42.3519
9.76103 -1.71647 -42.3596
9.77155 -1.71858 -42.3673
9.78205 -1.72068 -42.375
9.79253 -1.72279 -42.3827
9.80293 -1.72492 -42.3904
9.81331 -1.72705 -42.3981
9.82366 -1.72918 -42.4059
9.83399 -1.73131 -42.4136
9.84424 -1.73346 -42.4213
9.85446 -1.73562 -42.429
9.86459 -1.73779 -42.4368
9.87464 -1.73998 -42.4445
9.88427 -1.74224 -42.4523
9.89381 -1.74452 -42.4601
9.90326 -1.74681 -42.4679
9.91269 -1.74911 -42.4758
9.92203 -1.75143 -42.4836
9.93136 -1.75375 -42.4914
9.94065 -1.75607 -42.4992
9.94992 -1.7584 -42.5071
9.95911 -1.76074 -42.5149
9.96828 -1.76308 -42.5228
9.97743 -1.76543 -42.5306
9.98657 -1.76778 -42.5384
9.99568 -1.77014 -42.5463
10.0048 -1.7725 -42.5541
10.0139 -1.77486 -42.562
10.0229 -1.77723 -42.5698
10.0319 -1.77962 -42.5777
10.0408 -1.78201 -42.5856
10.0497 -1.7844 -42.5934
10.0586 -1.7868 -42.6013
10.0675 -1.7892 -42.6091
10.0764 -1.7916 -42.617
10.0853 -1.79401 -42.6249
10.0941 -1.79641 -42.6327
10.1029 -1.79883 -42.6406
10.1117 -1.80125 -42.6485
10.1205 -1.80367 -42.6564
10.1293 -1.8061 -42.6642
10.1381 -1.80853 -42.6721
10.1468 -1.81096 -42.68
10.1555 -1.81341 -42.6878
10.1641 -1.81586 -42.6957
10.1726 -1.81835 -42.7036
10.1811 -1.82086 -42.7115
10.1895 -1.82337 -42.7193
10.1979 -1.82588 -42.7272
10.2062 -1.8284 -42.7351
10.2146 -1.83093 -42.743
10.2229 -1.83345 -42.7509
10.2312 -1.83599 -42.7587
10.2395 -1.83853 -42.7666
10.2478 -1.84107 -42.7745
10.256 -1.84362 -42.7824
10.2642 -1.84618 -42.7903
10.2725 -1.84874 -42.7981
10.2806 -1.8513 -42.806
10.2888 -1.85387 -42.8139
10.297 -1.85644 -42.8218
10.305 -1.85906 -42.8297
10.3129 -1.86167 -42.8375
10.3209 -1.8643 -42.8454
10.3288 -1.86693 -42.8533
10.3367 -1.86957 -42.8612
10.3446 -1.87222 -42.869
10.3524 -1.87487 -42.8769
10.3603 -1.87753 -42.8848
10.368 -1.88023 -42.8927
10.3756 -1.88293 -42.9005
10.3832 -1.88564 -42.9084
10.3908 -1.88836 -42.9163
10.3983 -1.89112 -42.9241
10.4057 -1.89388 -42.932
10.413 -1.89668 -42.9399
10.4202 -1.89952 -42.9477
10.4267 -1.90253 -42.9556
10.4331 -1.90557 -42.9634
10.4393 -1.90864 -42.9712
10.4456 -1.91173 -42.979
10.4517 -1.91485 -42.9869
10.4577 -1.91798 -42.9947
10.4637 -1.92112 -43.0025
10.4697 -1.92427 -43.0103
10.4756 -1.92746 -43.0182
10.4814 -1.93066 -43.026
10.4871 -1.93386 -43.0338
10.4929 -1.93707 -43.0416
10.4986 -1.9403 -43.0494
10.5043 -1.94353 -43.0572
10.5099 -1.94678 -43.0651
10.5155 -1.95003 -43.0729
10.5209 -1.95335 -43.0807
10.5262 -1.95668 -43.0885
10.5315 -1.96002 -43.0963
10.5368 -1.96336 -43.1041
10.542 -1.96672 -43.1119
10.5471 -1.97009 -43.1197
10.5523 -1.97347 -43.1275
10.5574 -1.97685 -43.1353
10.5624 -1.98028 -43.143
10.5673 -1.98371 -43.1508
10.5722 -1.98716 -43.1586
10.5771 -1.99062 -43.1664
10.5818 -1.99411 -43.1742
10.5865 -1.99762 -43.1819
10.591 -2.00117 -43.1897
10.5954 -2.00475 -43.1975
10.5991 -2.00852 -43.2052
10.6027 -2.01233 -43.2129
10.6062 -2.01617 -43.2207
10.6096 -2.02003 -43.2284
10.6128 -2.02393 -43.2361
10.616 -2.02784 -43.2438
10.6192 -2.03177 -43.2515
10.6223 -2.03571 -43.2593
10.6252 -2.03971 -43.267
10.628 -2.04373 -43.2747
10.6307 -2.04776 -43.2823
10.6335 -2.05181 -43.29
10.6361 -2.05589 -43.2977
10.6386 -2.05999 -43.3054
10.641 -2.06413 -43.3131
10.6432 -2.06831 -43.3208
10.6448 -2.07268 -43.3284
10.6462 -2.07708 -43.3361
10.6475 -2.08153 -43.3437
10.6487 -2.08599 -43.3513
10.6497 -2.09052 -43.3589
10.6506 -2.09507 -43.3665
10.6514 -2.09966 -43.3742
10.652 -2.10428 -43.3818
10.652 -2.1091 -43.3893
10.6518 -2.11396 -43.3969
10.6513 -2.11888 -43.4045
10.6507 -2.12385 -43.412
10.6495 -2.129 -43.4195
10.648 -2.13422 -43.427
10.6458 -2.13963 -43.4345
10.6429 -2.14523 -43.442
10.6366 -2.15178 -43.4493
10.6296 -2.15852 -43.4565
10.622 -2.16545 -43.4638
10.6141 -2.17245 -43.471
10.6055 -2.17963 -43.4782
10.5967 -2.18686 -43.4854
10.5878 -2.19415 -43.4926
10.5787 -2.20148 -43.4997
10.5689 -2.209 -43.5069
10.5589 -2.21656 -43.514
10.5489 -2.22417 -43.5211
10.5387 -2.23179 -43.5283
10.5283 -2.23947 -43.5354
10.5179 -2.24717 -43.5425
10.5073 -2.25492 -43.5496
10.4965 -2.2627 -43.5567
10.4851 -2.27067 -43.5638
10.4736 -2.27868 -43.5709
10.4619 -2.28673 -43.5779
10.4501 -2.29479 -43.585
10.4383 -2.30289 -43.592
10.4263 -2.311 -43.5991
10.4143 -2.31913 -43.6061
10.4023 -2.32727 -43.6132
10.39 -2.33547 -43.6202
10.3777 -2.34369 -43.6273
10.3654 -2.35192 -43.6343
10.353 -2.36017 -43.6413
10.3404 -2.36845 -43.6484
10.3278 -2.37674 -43.6554
10.3151 -2.38508 -43.6624
10.3022 -2.39345 -43.6694
10.2887 -2.402 -43.6764
10.275 -2.41058 -43.6834
10.2612 -2.4192 -43.6904
10.2474 -2.42784 -43.6973
10.2334 -2.43651 -43.7043
10.2194 -2.44518 -43.7113
10.2053 -2.45387 -43.7183
10.1912 -2.46257 -43.7252
10.177 -2.47131 -43.7322
10.1627 -2.48006 -43.7391
10.1484 -2.48881 -43.7461
10.1341 -2.49757 -43.7531
10.1198 -2.50634 -43.76
10.1054 -2.51512 -43.767
10.091 -2.52391 -43.7739
10.0765 -2.53271 -43.7809
10.0618 -2.54156 -43.7879
10.0471 -2.55042 -43.7948
10.0323 -2.5593 -43.8018
10.0176 -2.56817 -43.8087
10.0027 -2.57706 -43.8157
9.9879 -2.58596 -43.8226
9.97303 -2.59486 -43.8296
9.95813 -2.60377 -43.8365
9.9431 -2.6127 -43.8434
9.92805 -2.62165 -43.8504
9.91296 -2.6306 -43.8573
9.89784 -2.63956 -43.8643
9.8826 -2.64855 -43.8712
9.86733 -2.65754 -43.8782
9.85195 -2.66656 -43.8851
9.83646 -2.67561 -43.8921
9.82041 -2.68479 -43.899
9.80425 -2.69399 -43.906
9.78797 -2.70322 -43.9129
9.77166 -2.71246 -43.9198
9.75524 -2.72172 -43.9268
9.7388 -2.73099 -43.9337
9.72231 -2.74027 -43.9407
9.70581 -2.74955 -43.9476
9.68919 -2.75886 -43.9545
9.67255 -2.76817 -43.9615
9.65589 -2.77749 -43.9684
9.63921 -2.78681 -43.9754
9.6225 -2.79614 -43.9823
9.60578 -2.80547 -43.9892
9.58904 -2.81481 -43.9962
9.57227 -2.82415 -44.0031
9.5554 -2.83351 -44.0101
9.53851 -2.84287 -44.017
9.52159 -2.85224 -44.024
9.50467 -2.86161 -44.0309
9.48773 -2.87098 -44.0379
9.47078 -2.88035 -44.0448
9.45382 -2.88973 -44.0518
9.43685 -2.8991 -44.0587
9.41986 -2.90848 -44.0657
9.40286 -2.91786 -44.0726
9.38585 -2.92724 -44.0796
9.36883 -2.93661 -44.0866
9.3518 -2.94599 -44.0935
9.33476 -2.95537 -44.1005
9.3177 -2.96474 -44.1075
9.30063 -2.97412 -44.1144
9.28349 -2.98349 -44.1214
9.26632 -2.99285 -44.1284
9.24914 -3.00222 -44.1355
9.23196 -3.01158 -44.1425
9.21476 -3.02094 -44.1495
9.19755 -3.0303 -44.1565
9.18034 -3.03966 -44.1635
9.16313 -3.04902 -44.1705
9.14591 -3.05837 -44.1776
9.12868 -3.06772 -44.1846
9.11145 -3.07707 -44.1916
9.09422 -3.08642 -44.1986
9.07699 -3.09576 -44.2057
9.05976 -3.10509 -44.2127
9.04253 -3.11443 -44.2198
9.0253 -3.12375 -44.2268
9.00807 -3.13305 -44.2339
8.99084 -3.14234 -44.241
8.97361 -3.15163 -44.2481
8.95638 -3.16091 -44.2552
8.93915 -3.17018 -44.2623
8.92193 -3.17945 -44.2694
8.9047 -3.18871 -44.2765
8.88749 -3.19796 -44.2836
8.87028 -3.20718 -44.2907
8.85308 -3.21639 -44.2979
8.83588 -3.22559 -44.305
8.81869 -3.23478 -44.3122
8.80152 -3.24394 -44.3194
8.78435 -3.25309 -44.3266
8.76719 -3.2622 -44.3338
8.75006 -3.27128 -44.3411
8.73301 -3.28019 -44.3485
8.71598 -3.28906 -44.3559
8.69896 -3.29789 -44.3634
8.68196 -3.30672 -44.3708
8.66497 -3.31551 -44.3783
8.64798 -3.32429 -44.3858
8.631 -3.33306 -44.3933
8.61402 -3.34182 -44.4008
8.59707 -3.35055 -44.4083
8.58012 -3.35927 -44.4159
8.56317 -3.36798 -44.4234
8.54623 -3.37669 -44.431
8.5293 -3.38538 -44.4385
8.51236 -3.39407 -44.4461
8.49544 -3.40275 -44.4537
8.47852 -3.41142 -44.4612
8.46164 -3.42005 -44.4689
8.44477 -3.42867 -44.4765
8.4279 -3.43728 -44.4841
8.41104 -3.44589 -44.4917
8.39419 -3.45449 -44.4994
8.37734 -3.46308 -44.507
8.36049 -3.47167 -44.5146
8.34366 -3.48025 -44.5223
8.32684 -3.48881 -44.5299
8.31004 -3.49737 -44.5376
8.29324 -3.50592 -44.5452
8.27645 -3.51446 -44.5529
8.25969 -3.52299 -44.5606
8.24293 -3.53151 -44.5683
8.2262 -3.54002 -44.576
8.20949 -3.5485 -44.5837
8.19291 -3.5569 -44.5914
8.17636 -3.56528 -44.5992
8.15983 -3.57364 -44.607
8.14331 -3.58199 -44.6147
8.12682 -3.59033 -44.6225
8.11033 -3.59866 -44.6303
8.09386 -3.60698 -44.6381
8.0774 -3.6153 -44.6459
8.06098 -3.62359 -44.6538
8.04457 -3.63187 -44.6616
8.02817 -3.64015 -44.6694
8.01178 -3.64842 -44.6772
7.99541 -3.65668 -44.6851
7.97906 -3.66493 -44.6929
7.96274 -3.67316 -44.7008
7.94644 -3.68138 -44.7086
7.93027 -3.68953 -44.7165
7.91413 -3.69766 -44.7244
7.89802 -3.70577 -44.7323
7.88192 -3.71388 -44.7403
7.86587 -3.72196 -44.7482
7.84983 -3.73003 -44.7561
7.83382 -3.73809 -44.7641
7.81784 -3.74614 -44.772
7.80199 -3.75411 -44.78
7.78617 -3.76207 -44.788
7.7704 -3.77 -44.796
7.75465 -3.77791 -44.804
7.73904 -3.78576 -44.8121
7.72348 -3.79358 -44.8202
7.70805 -3.80132 -44.8283
7.69275 -3.809 -44.8364
7.67812 -3.81631 -44.8447
7.66364 -3.82356 -44.8531
7.64928 -3.83073 -44.8615
7.63497 -3.83788 -44.8699
7.6208 -3.84495 -44.8784
7.60666 -3.85201 -44.8868
7.59256 -3.85904 -44.8953
7.5785 -3.86605 -44.9038
7.5646 -3.87298 -44.9123
7.55072 -3.8799 -44.9208
7.53688 -3.8868 -44.9294
7.52306 -3.89368 -44.9379
7.5093 -3.90054 -44.9465
7.49556 -3.90738 -44.9551
7.48187 -3.9142 -44.9637
7.46824 -3.92099 -44.9723
7.45484 -3.92766 -44.9809
7.44149 -3.9343 -44.9896
7.42819 -3.94091 -44.9983
7.41491 -3.94751 -45.007
7.4017 -3.95408 -45.0157
7.38851 -3.96064 -45.0244
7.37536 -3.96718 -45.0331
7.36224 -3.9737 -45.0419
7.34929 -3.98014 -45.0506
7.33637 -3.98655 -45.0594
7.32351 -3.99294 -45.0682
7.31069 -3.99931 -45.077
7.29802 -4.00561 -45.0859
7.28541 -4.01187 -45.0947
7.27295 -4.01806 -45.1036
7.26064 -4.02417 -45.1126
7.2491 -4.02988 -45.1217
7.23772 -4.03552 -45.1309
7.22649 -4.04108 -45.1401
7.21532 -4.04661 -45.1493
7.20432 -4.05206 -45.1586
7.19336 -4.05748 -45.1679
7.18247 -4.06287 -45.1772
7.17164 -4.06823 -45.1865
7.16106 -4.07345 -45.1958
7.15055 -4.07865 -45.2052
7.1401 -4.08382 -45.2146
7.1297 -4.08896 -45.2241
7.11946 -4.09401 -45.2335
7.10929 -4.09904 -45.243
7.09927 -4.10399 -45.2525
7.08942 -4.10885 -45.2621
7.08035 -4.11332 -45.2718
7.07143 -4.11771 -45.2816
7.0627 -4.12201 -45.2914
7.05403 -4.12628 -45.3013
7.04563 -4.13041 -45.3112
7.0373 -4.13451 -45.3211
7.02915 -4.13851 -45.3311
7.02116 -4.14244 -45.3411
7.01395 -4.14597 -45.3513
7.00693 -4.14941 -45.3616
7.00016 -4.15272 -45.3719
6.99357 -4.15594 -45.3823
6.98777 -4.15876 -45.3928
6.98223 -4.16145 -45.4035
6.97748 -4.16374 -45.4143
6.97352 -4.16564 -45.4253
6.97351 -4.16554 -45.4373
6.97428 -4.16505 -45.4495
6.97585 -4.16417 -45.4619
6.97767 -4.16315 -45.4743
6.98029 -4.16173 -45.487
6.98308 -4.16023 -45.4997
6.98614 -4.15859 -45.5124
6.98937 -4.15686 -45.5252
6.99339 -4.15474 -45.5382
6.99757 -4.15253 -45.5512
7.00192 -4.15024 -45.5643
7.00635 -4.14791 -45.5774
7.01104 -4.14545 -45.5906
7.01581 -4.14295 -45.6038
7.02074 -4.14036 -45.617
7.02584 -4.1377 -45.6303
7.03173 -4.13463 -45.6437
7.03778 -4.13149 -45.6572
7.04399 -4.12826 -45.6707
7.05025 -4.12501 -45.6843
7.05669 -4.12167 -45.6979
7.06317 -4.1183 -45.7115
7.06972 -4.1149 -45.7251
7.07633 -4.11148 -45.7388
7.0832 -4.10792 -45.7525
7.09013 -4.10433 -45.7662
7.09713 -4.1007 -45.7799
7.10417 -4.09706 -45.7937
7.11139 -4.09333 -45.8074
7.11866 -4.08956 -45.8212
7.12609 -4.08572 -45.8351
7.13368 -4.0818 -45.849
7.14205 -4.07748 -45.863
7.15059 -4.07309 -45.8772
7.15928 -4.06861 -45.8913
7.16802 -4.06411 -45.9055
7.17692 -4.05953 -45.9197
7.18586 -4.05493 -45.9339
7.19485 -4.0503 -45.9481
7.20388 -4.04565 -45.9624
7.21309 -4.04091 -45.9766
7.22233 -4.03616 -45.9909
7.23162 -4.03139 -46.0052
7.24092 -4.0266 -46.0195
7.25029 -4.02178 -46.0339
7.25969 -4.01695 -46.0482
7.26914 -4.01209 -46.0625
7.27864 -4.00721 -46.0769
7.2884 -4.00219 -46.0913
7.29822 -3.99715 -46.1057
7.30808 -3.99208 -46.1202
7.31797 -3.987 -46.1346
7.32794 -3.98188 -46.1491
7.33792 -3.97676 -46.1636
7.34794 -3.97161 -46.178
7.35799 -3.96645 -46.1925
7.36822 -3.9612 -46.2071
7.37848 -3.95593 -46.2216
7.3888 -3.95063 -46.2362
7.39916 -3.94532 -46.2507
7.40967 -3.93993 -46.2653
7.42023 -3.93451 -46.28
7.43095 -3.92901 -46.2946
7.44182 -3.92344 -46.3093
7.45346 -3.91748 -46.3242
7.46525 -3.91144 -46.3391
7.47719 -3.90533 -46.3541
7.48919 -3.89919 -46.369
7.50133 -3.89297 -46.3841
7.51352 -3.88673 -46.3991
7.52575 -3.88047 -46.4141
7.53802 -3.87419 -46.4292
7.55045 -3.86784 -46.4442
7.56291 -3.86146 -46.4593
7.5754 -3.85507 -46.4744
7.5879 -3.84867 -46.4895
7.60047 -3.84225 -46.5046
7.61304 -3.83582 -46.5197
7.62565 -3.82936 -46.5349
7.6383 -3.8229 -46.55
7.65112 -3.81634 -46.5652
7.66396 -3.80977 -46.5804
7.67685 -3.80319 -46.5956
7.68974 -3.79659 -46.6107
7.70267 -3.78998 -46.626
7.71562 -3.78336 -46.6412
7.72858 -3.77674 -46.6564
7.74155 -3.7701 -46.6716
7.7546 -3.76343 -46.6868
7.76765 -3.75676 -46.7021
7.78073 -3.75007 -46.7173
7.79382 -3.74338 -46.7325
7.80696 -3.73667 -46.7478
7.82012 -3.72994 -46.7631
7.83332 -3.72319 -46.7783
7.84657 -3.71642 -46.7936
7.86006 -3.70952 -46.809
7.8736 -3.70261 -46.8243
7.88718 -3.69567 -46.8397
7.90078 -3.68872 -46.855
7.91444 -3.68174 -46.8704
7.9281 -3.67476 -46.8858
7.94178 -3.66777 -46.9012
7.95548 -3.66078 -46.9166
7.96924 -3.65375 -46.932
7.98301 -3.64671 -46.9474
7.9968 -3.63967 -46.9628
8.0106 -3.63262 -46.9783
8.02444 -3.62555 -46.9937
8.03828 -3.61848 -47.0091
8.05216 -3.61139 -47.0246
8.06607 -3.60429 -47.04
8.08012 -3.59711 -47.0555
8.09421 -3.58991 -47.071
8.10833 -3.5827 -47.0865
8.12246 -3.57549 -47.102
8.13664 -3.56825 -47.1175
8.15084 -3.561 -47.133
8.16506 -3.55374 -47.1485
8.17931 -3.54646 -47.1641
8.19369 -3.53912 -47.1796
8.20811 -3.53176 -47.1952
8.22257 -3.52438 -47.2108
8.23706 -3.51698 -47.2264
8.25168 -3.50952 -47.242
8.26634 -3.50203 -47.2576
8.28114 -3.49448 -47.2733
8.29607 -3.48687 -47.289
8.31165 -3.47892 -47.3049
8.32737 -3.4709 -47.3208
8.34322 -3.46282 -47.3367
8.35911 -3.45472 -47.3526
8.37513 -3.44655 -47.3686
8.39119 -3.43837 -47.3846
8.40728 -3.43016 -47.4006
8.42341 -3.42194 -47.4166
8.43967 -3.41365 -47.4326
8.45595 -3.40535 -47.4486
8.47226 -3.39704 -47.4647
8.48859 -3.38872 -47.4807
8.50496 -3.38037 -47.4968
8.52134 -3.37202 -47.5128
8.53775 -3.36366 -47.5289
8.55419 -3.35528 -47.545
8.57076 -3.34684 -47.5611
8.58735 -3.33838 -47.5772
8.60397 -3.32991 -47.5933
8.6206 -3.32144 -47.6094
8.63726 -3.31295 -47.6256
8.65393 -3.30446 -47.6417
8.6706 -3.29596 -47.6578
8.68729 -3.28745 -47.674
8.70402 -3.27893 -47.6901
8.72076 -3.2704 -47.7063
8.73751 -3.26186 -47.7224
8.75427 -3.25332 -47.7386
8.77106 -3.24477 -47.7547
8.78786 -3.23621 -47.7709
8.80468 -3.22764 -47.7871
8.82153 -3.21906 -47.8032
8.8385 -3.21041 -47.8194
8.8555 -3.20175 -47.8357
8.87253 -3.19307 -47.8519
8.88956 -3.18439 -47.8681
8.90663 -3.1757 -47.8843
8.92369 -3.16701 -47.9006
8.94077 -3.15831 -47.9168
8.95785 -3.14961 -47.933
8.97496 -3.14089 -47.9493
8.99208 -3.13217 -47.9655
9.0092 -3.12345 -47.9817
9.02633 -3.11472 -47.998
9.04346 -3.10599 -48.0142
9.0606 -3.09726 -48.0305
9.07775 -3.08853 -48.0467
9.09491 -3.07979 -48.063
9.1121 -3.07103 -48.0793
9.12931 -3.06226 -48.0955
9.14652 -3.0535 -48.1118
9.16373 -3.04473 -48.128
9.18096 -3.03595 -48.1443
9.19819 -3.02717 -48.1606
9.21543 -3.0184 -48.1769
9.23267 -3.00961 -48.1931
9.24993 -3.00082 -48.2094
9.2672 -2.99202 -48.2257
9.28448 -2.98322 -48.242
9.30176 -2.97442 -48.2583
9.31907 -2.9656 -48.2745
9.33638 -2.95678 -48.2908
9.35372 -2.94795 -48.3071
9.37107 -2.93911 -48.3234
9.38854 -2.93022 -48.3398
9.40603 -2.92131 -48.3561
9.42354 -2.91239 -48.3724
9.44106 -2.90347 -48.3888
9.4586 -2.89454 -48.4051
9.47614 -2.8856 -48.4215
9.4937 -2.87666 -48.4378
9.51125 -2.86772 -48.4542
9.52883 -2.85877 -48.4705
9.54641 -2.84982 -48.4869
9.564 -2.84086 -48.5033
9.58159 -2.8319 -48.5196
9.59919 -2.82294 -48.536
9.61679 -2.81398 -48.5523
9.63439 -2.80501 -48.5687
9.652 -2.79604 -48.5851
9.66963 -2.78707 -48.6014
9.68726 -2.77809 -48.6178
9.7049 -2.7691 -48.6342
9.72254 -2.76012 -48.6505
9.74019 -2.75114 -48.6669
9.75783 -2.74215 -48.6833
9.77548 -2.73316 -48.6997
9.79313 -2.72418 -48.716
9.81078 -2.71519 -48.7324
9.82844 -2.70619 -48.7488
9.8461 -2.6972 -48.7652
9.86376 -2.68821 -48.7815
9.88142 -2.67921 -48.7979
9.89909 -2.67022 -48.8143
9.91675 -2.66122 -48.8307
9.93443 -2.65222 -48.8471
9.95212 -2.64321 -48.8634
9.96981 -2.6342 -48.8798
9.98751 -2.62519 -48.8962
10.0052 -2.61618 -48.9126
10.0229 -2.60716 -48.929
10.0406 -2.59815 -48.9454
10.0583 -2.58913 -48.9618
10.076 -2.58011 -48.9782
10.0937 -2.5711 -48.9945
10.1114 -2.56208 -49.0109
10.1292 -2.55306 -49.0273
10.1469 -2.54404 -49.0437
10.1646 -2.53502 -49.0601
10.1823 -2.526 -49.0765
10.2 -2.51698 -49.0929
10.2177 -2.50796 -49.1093
10.2354 -2.49894 -49.1257
10.2531 -2.48992 -49.1421
10.2709 -2.48089 -49.1584
10.2886 -2.47187 -49.1748
10.3063 -2.46285 -49.1912
10.324 -2.45383 -49.2076
10.3417 -2.4448 -49.224
10.3595 -2.43578 -49.2404
10.3772 -2.42676 -49.2568
10.3949 -2.41773 -49.2732
10.4126 -2.40871 -49.2896
10.4303 -2.39969 -49.306
10.4481 -2.39066 -49.3224
10.4658 -2.38164 -49.3387
10.4835 -2.37262 -49.3551
10.5012 -2.36359 -49.3715
